0 FLOCK 4BE 7 2409
1 60481U 24149P   26125.11469907  .00000000  00000+0  60779-3 0    06
2 60481 097.3756 207.8773 0003716 075.5227 247.6067 15.38593813    05
0 FLOCK 4BE 28 24AE
1 60519U PLANET   26125.11469907  .00000000  00000+0  48189-3 0    09
2 60519 097.3748 210.2729 0005514 092.5560 332.3640 15.43425673    07
0 FLOCK 4G 4 24B8
1 62659U 25009BC  26125.11471065  .00000000  00000+0  48502-3 0    09
2 62659 097.3954 206.6970 0004063 111.4838 007.8181 15.28016202    08
0 FLOCK 4Q 2 24BD
1 58320U 23174BS  26125.11474537  .00000000  00000+0  52005-3 0    00
2 58320 097.3827 212.5980 0004551 289.2232 159.1248 15.47785413    01
0 FLOCK 4Q 36 24C6
1 58274U 23174U   26125.11474537  .00000000  00000+0  57269-3 0    05
2 58274 097.3850 216.0420 0005403 288.2207 058.1387 15.54968828    04
0 FLOCK 4Q 4 24D1
1 58327U 23174BZ  26125.11474537  .00000000  00000+0  50200-3 0    02
2 58327 097.3819 211.9368 0004404 321.7408 199.8076 15.46877666    07
0 FLOCK 4Q 33 24D5
1 58308U 23174BE  26125.11474537  .00000000  00000+0  49146-3 0    08
2 58308 097.3853 215.6861 0004421 277.0942 194.0452 15.55062749    01
0 FLOCK 4H 7 24D8
1 66710U 25276AW  26125.11472222  .00000000  00000+0  49631-3 0    07
2 66710 097.4194 199.3638 0003196 144.5618 122.8148 15.19545434    00
0 FLOCK 4BE 11 24DA
1 60501U PLANET   26125.11469907  .00000000  00000+0  52131-3 0    02
2 60501 097.3701 208.8144 0004919 083.6592 357.6156 15.41572842    06
0 FLOCK 4BE 14 24DB
1 60517U PLANET   26125.11469907  .00000000  00000+0  49619-3 0    06
2 60517 097.3697 208.5522 0005893 097.0229 007.6451 15.39692062    06
0 FLOCK 4BE 1 24DC
1 60518U PLANET   26125.11469907  .00000000  00000+0  52663-3 0    00
2 60518 097.3778 209.6793 0005495 097.3852 038.6196 15.41191875    01
0 FLOCK 4Q 35 24DD
1 58309U 23174BF  26125.11474537  .00000000  00000+0  54725-3 0    08
2 58309 097.3875 215.7753 0004206 294.2102 034.2551 15.54040966    08
0 FLOCK 4BE 29 24DE
1 60509U PLANET   26125.11469907  .00000000  00000+0  47540-3 0    08
2 60509 097.3804 210.3885 0004067 099.2773 175.2967 15.42759718    00
0 FLOCK 4Q 7 24DF
1 58318U 23174BQ  26125.11474537  .00000000  00000+0  49766-3 0    07
2 58318 097.3910 215.2331 0005297 284.7226 349.7033 15.52890078    01
0 FLOCK 4Q 16 24E5
1 58271U 23174R   26125.11474537  .00000000  00000+0  44725-3 0    05
2 58271 097.3824 212.2909 0004736 323.2992 342.8966 15.47426639    08
0 FLOCK 4G 22 24E9
1 62645U 25009AN  26125.11471065  .00000000  00000+0  46559-3 0    04
2 62645 097.4008 207.3682 0003978 096.4711 094.8439 15.28436707    06
0 FLOCK 4Q 9 24EB
1 58322U 23174BU  26125.11474537  .00000000  00000+0  53450-3 0    07
2 58322 097.3862 212.6497 0004709 288.2269 006.6411 15.47740630    00
0 FLOCK 4Q 22 24ED
1 58306U 23174BC  26125.11474537  .00000000  00000+0  52872-3 0    06
2 58306 097.3814 215.8221 0003597 278.6288 352.8967 15.56534230    06
0 FLOCK 4Q 11 24EE
1 58273U 23174T   26125.11474537  .00000000  00000+0  43983-3 0    02
2 58273 097.3870 212.8403 0004494 318.7960 033.0454 15.47879437    00
0 FLOCK 4Q 31 24F2
1 58285U 23174AF  26125.11476852  .00000000  00000+0  55844-3 0    06
2 58285 097.3906 215.7776 0004769 294.8666 194.8875 15.54592063    08
0 FLOCK 4Q 13 24F3
1 58328U 23174CA  26125.11476852  .00000000  00000+0  42759-3 0    05
2 58328 097.3998 214.7344 0004888 307.6593 243.9823 15.49841840    04
0 FLOCK 4Q 30 24F4
1 58286U 23174AG  26125.11476852  .00000000  00000+0  54753-3 0    05
2 58286 097.3931 215.9914 0003582 291.7447 306.9911 15.54795615    03
0 FLOCK 4Q 26 24F5
1 58284U 23174AE  26125.11476852  .00000000  00000+0  56190-3 0    00
2 58284 097.3872 216.1208 0004712 301.4214 038.9921 15.54571348    09
0 FLOCK 4Q 28 24F6
1 58280U 23174AA  26125.11476852  .00000000  00000+0  47808-3 0    02
2 58280 097.3874 214.9864 0003736 294.6510 208.1119 15.52439697    06
0 FLOCK 4BE 36 24F7
1 60486U PLANET   26125.11469907  .00000000  00000+0  51356-3 0    02
2 60486 097.3742 209.0737 0004681 078.0627 038.8073 15.41395905    06
0 FLOCK 4BE 13 24FA
1 60512U PLANET   26125.11469907  .00000000  00000+0  40772-3 0    02
2 60512 097.3718 209.1189 0005219 076.0702 300.6038 15.40743745    00
0 FLOCK 4Q 29 24FB
1 58304U 23174BA  26125.11476852  .00000000  00000+0  47778-3 0    05
2 58304 097.3922 215.4578 0004041 283.3681 233.7661 15.53113776    03
0 FLOCK 4Q 27 24FD
1 58282U 23174AC  26125.11476852  .00000000  00000+0  47287-3 0    05
2 58282 097.3806 214.4699 0003397 295.3455 214.9566 15.52328510    05
0 FLOCK 4G 10 24FE
1 62670U 25009BP  26125.11471065  .00000000  00000+0  51760-3 0    02
2 62670 097.3927 206.5476 0005963 122.4596 323.6363 15.28425876    06
0 FLOCK 4BE 3 2500
1 60561U 24149CX  26125.11469907  .00000000  00000+0  52188-3 0    00
2 60561 097.3698 208.6591 0005458 092.4071 036.1994 15.40265733    06
0 FLOCK 4BE 5 2501
1 60559U 24149CV  26125.11469907  .00000000  00000+0  39623-3 0    06
2 60559 097.3839 208.7434 0004676 100.0279 164.0864 15.39047581    08
0 FLOCK 4G 3 2504
1 62639U 25009AG  26125.11471065  .00000000  00000+0  51586-3 0    03
2 62639 097.4022 207.3488 0004365 099.0413 200.3483 15.28490600    03
0 FLOCK 4BE 6 2506
1 60516U PLANET   26125.11469907  .00000000  00000+0  44834-3 0    09
2 60516 097.3787 208.4491 0005113 098.5986 122.3636 15.38413995    05
0 FLOCK 4BE 17 250A
1 60492U PLANET   26125.11469907  .00000000  00000+0  46158-3 0    03
2 60492 097.3772 208.1871 0003937 075.0646 275.8091 15.38541368    01
0 FLOCK 4BE 34 250B
1 60495U PLANET   26125.11469907  .00000000  00000+0  47495-3 0    01
2 60495 097.3779 209.1067 0004994 087.8515 056.4541 15.39934168    07
0 FLOCK 4BE 22 250D
1 60494U PLANET   26125.11469907  .00000000  00000+0  48072-3 0    02
2 60494 097.3730 208.3131 0004708 079.7192 163.1658 15.39880037    00
0 FLOCK 4BE 9 250E
1 60514U 24149AY  26125.11469907  .00000000  00000+0  49068-3 0    01
2 60514 097.3789 209.0135 0004314 101.6803 099.2330 15.39525039    00
0 FLOCK 4H 10 2510
1 66713U 25276AZ  26125.11472222  .00000000  00000+0  45560-3 0    07
2 66713 097.4199 199.3348 0005616 140.4807 019.3469 15.19345941    07
0 FLOCK 4BE 24 2514
1 60505U PLANET   26125.11469907  .00000000  00000+0  58319-3 0    00
2 60505 097.3716 209.0607 0005053 091.8340 064.3135 15.41500652    04
0 FLOCK 4BE 20 2515
1 60489U PLANET   26125.11469907  .00000000  00000+0  48088-3 0    03
2 60489 097.3699 207.0000 0004777 076.2983 029.5696 15.36955221    07
0 FLOCK 4BE 19 2518
1 60563U 24149CZ  26125.11469907  .00000000  00000+0  49128-3 0    02
2 60563 097.3741 209.9970 0005468 093.3876 109.9487 15.42695116    06
0 FLOCK 4BE 18 251A
1 60480U PLANET   26125.11469907  .00000000  00000+0  53517-3 0    07
2 60480 097.3730 208.4415 0004505 069.5423 026.1559 15.40504087    08
0 FLOCK 4BE 31 251B
1 60488U PLANET   26125.11469907  .00000000  00000+0  56651-3 0    07
2 60488 097.3798 209.8193 0003726 084.0824 033.6250 15.42481853    07
0 FLOCK 4BE 23 251D
1 60490U PLANET   26125.11471065  .00000000  00000+0  50112-3 0    04
2 60490 097.3779 207.3521 0004755 083.1053 133.4934 15.36587369    04
0 FLOCK 4G 9 251E
1 62622U 25009P   26125.11471065  .00000000  00000+0  45072-3 0    08
2 62622 097.3959 206.4069 0006139 113.9721 286.4443 15.27323749    06
0 FLOCK 4BE 25 251F
1 60487U PLANET   26125.11471065  .00000000  00000+0  45960-3 0    05
2 60487 097.3798 208.0114 0003365 079.2475 063.9099 15.37734442    03
0 FLOCK 4H 9 2520
1 66712U 25276AY  26125.11472222  .00000000  00000+0  43303-3 0    09
2 66712 097.4222 199.5373 0004726 121.2812 020.1382 15.19919910    04
0 FLOCK 4BE 32 2523
1 60497U PLANET   26125.11471065  .00000000  00000+0  52573-3 0    04
2 60497 097.3720 208.6273 0004939 084.7915 097.3224 15.40715118    03
0 FLOCK 4G 1 2526
1 62666U 25009BK  26125.11471065  .00000000  00000+0  50504-3 0    02
2 62666 097.4023 207.3231 0005892 113.2149 114.4994 15.28779683    04
0 FLOCK 4G 2 2527
1 62661U 25009BE  26125.11471065  .00000000  00000+0  48227-3 0    06
2 62661 097.4009 207.3369 0005611 114.3517 341.3267 15.29026656    05
0 FLOCK 4H 2 2528
1 66705U 25276AR  26125.11472222  .00000000  00000+0  45844-3 0    03
2 66705 097.4181 199.5192 0002944 105.8582 219.6224 15.20334798    08
0 FLOCK 4G 8 252B
1 62613U 25009E   26125.11471065  .00000000  00000+0  46393-3 0    05
2 62613 097.4009 207.3286 0005756 108.7814 350.3835 15.28923748    05
0 FLOCK 4G 25 252D
1 62646U 25009AP  26125.11471065  .00000000  00000+0  44467-3 0    01
2 62646 097.4011 207.4191 0003520 103.9184 181.0806 15.28616933    06
0 FLOCK 4G 11 252E
1 62629U 25009W   26125.11471065  .00000000  00000+0  51053-3 0    01
2 62629 097.3924 206.8303 0004287 112.7732 287.8231 15.28477521    00
0 FLOCK 4G 6 2530
1 62660U 25009BD  26125.11474537  .00000000  00000+0  48972-3 0    09
2 62660 097.3944 206.7908 0004895 119.1560 019.7742 15.28758854    02
0 FLOCK 4G 36 2531
1 62675U 25009BU  26125.11474537  .00000000  00000+0  48127-3 0    07
2 62675 097.4016 207.0848 0006217 112.4460 357.4336 15.28521502    00
0 FLOCK 4G 15 2534
1 62678U 25009BX  26125.11474537  .00000000  00000+0  43978-3 0    09
2 62678 097.4016 207.2191 0006299 109.2150 308.1399 15.28537371    09
0 FLOCK 4G 7 2538
1 62624U 25009R   26125.11474537  .00000000  00000+0  49625-3 0    05
2 62624 097.3942 206.7068 0004275 111.5858 187.5414 15.28429583    09
0 FLOCK 4G 26 2539
1 62633U 25009AA  26125.11474537  .00000000  00000+0  52458-3 0    03
2 62633 097.4015 207.3314 0004912 100.6567 195.0809 15.28547324    02
0 FLOCK 4G 17 253A
1 62681U 25009CA  26125.11474537  .00000000  00000+0  51940-3 0    01
2 62681 097.3926 206.7594 0006215 121.9187 107.5913 15.28689269    09
0 FLOCK 4G 12 253B
1 62625U 25009S   26125.11474537  .00000000  00000+0  48770-3 0    06
2 62625 097.4018 207.1950 0005798 105.6803 248.6603 15.28295842    03
0 FLOCK 4G 14 253C
1 62667U 25009BL  26125.11474537  .00000000  00000+0  48936-3 0    06
2 62667 097.4026 207.1642 0006053 108.3668 057.3663 15.28392584    02
0 FLOCK 4G 24 253D
1 62637U 25009AE  26125.11474537  .00000000  00000+0  52897-3 0    04
2 62637 097.4025 207.5837 0004525 092.0247 032.1498 15.29087204    00
0 FLOCK 4G 21 2540
1 62651U 25009AU  26125.11474537  .00000000  00000+0  48541-3 0    01
2 62651 097.3989 207.7546 0003230 105.5030 183.6073 15.29770452    00
0 FLOCK 4G 18 2541
1 62680U 25009BZ  26125.11472222  .00000000  00000+0  45081-3 0    08
2 62680 097.4014 207.0474 0006704 119.6509 308.8702 15.28507814    00
0 FLOCK 4H 4 2544
1 66707U 25276AT  26125.11472222  .00000000  00000+0  45111-3 0    02
2 66707 097.4230 199.3809 0005774 140.9367 323.5171 15.19220982    06
0 FLOCK 4H 1 2545
1 66704U 25276AQ  26125.11472222  .00000000  00000+0  45735-3 0    01
2 66704 097.4186 199.4946 0003711 104.4848 143.5347 15.20082696    09
0 FLOCK 4G 34 2546
1 62650U 25009AT  26125.11472222  .00000000  00000+0  46539-3 0    04
2 62650 097.3961 206.9755 0003426 104.5077 206.9111 15.28421998    08
0 FLOCK 4G 29 2547
1 62642U 25009AK  26125.11472222  .00000000  00000+0  49136-3 0    01
2 62642 097.4019 207.3068 0004406 095.2697 162.7272 15.28584932    04
0 FLOCK 4G 31 2549
1 62652U 25009AV  26125.11472222  .00000000  00000+0  47701-3 0    08
2 62652 097.3969 206.9628 0003205 108.6378 087.2651 15.28250353    05
0 FLOCK 4G 27 254A
1 62641U 25009AJ  26125.11472222  .00000000  00000+0  49274-3 0    03
2 62641 097.3936 206.7872 0003837 103.8451 099.0217 15.28465981    00
0 FLOCK 4H 8 254B
1 66711U 25276AX  26125.11472222  .00000000  00000+0  51796-3 0    03
2 66711 097.4233 199.4659 0004540 144.7643 148.0047 15.19630219    07
0 FLOCK 4H 3 254C
1 66706U 25276AS  26125.11472222  .00000000  00000+0  47986-3 0    03
2 66706 097.4250 199.4735 0005195 136.0879 107.5035 15.19462136    05
0 FLOCK 4H 6 254D
1 66709U 25276AV  26125.11472222  .00000000  00000+0  44895-3 0    02
2 66709 097.4231 199.5414 0004683 116.6246 349.5047 15.19795872    02
0 FLOCK 4H 5 254F
1 66708U 25276AU  26125.11472222  .00000000  00000+0  74863-3 0    09
2 66708 097.4186 199.5112 0002915 100.3406 176.8198 15.20148508    07
0 FLOCK 4H 26 2550
1 66729U 25276BR  26125.11469907  .00000000  00000+0  43397-3 0    06
2 66729 097.4195 199.2890 0005897 146.4492 269.7030 15.19104325    02
0 FLOCK 4H 13 2552
1 66716U 25276BC  26125.11469907  .00000000  00000+0  46517-3 0    09
2 66716 097.4230 199.6173 0002999 097.5615 219.2765 15.20226006    07
0 FLOCK 4H 14 2553
1 66717U 25276BD  26125.11469907  .00000000  00000+0  42828-3 0    01
2 66717 097.4210 199.6397 0002513 096.3416 342.8897 15.20526863    05
0 FLOCK 4H 12 2554
1 66715U 25276BB  26125.11469907  .00000000  00000+0  41126-3 0    09
2 66715 097.4198 199.4942 0003753 109.7641 092.1023 15.19971522    08
0 FLOCK 4H 15 2555
1 66718U 25276BE  26125.11469907  .00000000  00000+0  43791-3 0    02
2 66718 097.4223 199.3421 0005292 149.9531 251.6958 15.19089865    04
0 FLOCK 4H 19 2558
1 66722U 25276BJ  26125.11469907  .00000000  00000+0  45154-3 0    02
2 66722 097.4186 199.6118 0003140 092.2939 059.2591 15.20575575    00
0 FLOCK 4H 27 255A
1 66730U 25276BS  26125.11469907  .00000000  00000+0  42584-3 0    05
2 66730 097.4177 199.4572 0002278 101.4681 102.8605 15.19936255    04
0 FLOCK 4H 20 255B
1 66723U 25276BK  26125.11469907  .00000000  00000+0  45479-3 0    03
2 66723 097.4220 199.6693 0004160 096.1459 009.6457 15.20669564    03
0 FLOCK 4H 30 255C
1 66733U 25276BV  26125.11469907  .00000000  00000+0  43029-3 0    03
2 66733 097.4238 199.4147 0005229 147.1365 002.2540 15.19333560    09
0 FLOCK 4H 22 255D
1 66725U 25276BM  26125.11469907  .00000000  00000+0  51237-3 0    04
2 66725 097.4179 199.3500 0003517 148.3292 152.4303 15.19652291    06
0 FLOCK 4H 36 255E
1 66739U 25276CB  26125.11472222  .00000000  00000+0  49061-3 0    05
2 66739 097.4252 199.6052 0004165 106.0355 068.6449 15.19941410    02
0 FLOCK 4H 24 255F
1 66727U 25276BP  26125.11472222  .00000000  00000+0  40253-3 0    06
2 66727 097.4244 199.4367 0004936 146.5277 026.2376 15.19346607    01
0 FLOCK 4H 32 2560
1 66735U 25276BX  26125.11472222  .00000000  00000+0  49136-3 0    04
2 66735 097.4229 199.3873 0005687 144.3189 339.1433 15.19264177    07
0 FLOCK 4H 16 2562
1 66719U 25276BF  26125.11472222  .00000000  00000+0  44682-3 0    07
2 66719 097.4241 199.4118 0005454 142.0669 346.9365 15.19298545    02
0 FLOCK 4H 34 2563
1 66737U 25276BZ  26125.11472222  .00000000  00000+0  48050-3 0    00
2 66737 097.4246 199.6113 0004212 096.6031 136.4563 15.19989808    03
0 FLOCK 4H 23 2565
1 66726U 25276BN  26125.11472222  .00000000  00000+0  44358-3 0    05
2 66726 097.4245 199.4148 0005721 135.8528 339.6896 15.19249132    04
0 FLOCK 4H 31 256C
1 66734U 25276BW  26125.11472222  .00000000  00000+0  43694-3 0    06
2 66734 097.4172 199.2551 0004649 150.5413 296.5280 15.19150319    09
0 FLOCK 4H 25 256E
1 66728U 25276BQ  26125.11472222  .00000000  00000+0  46824-3 0    07
2 66728 097.4201 199.5580 0002285 093.0744 225.7017 15.20204372    05
0 FLOCK 4H 18 2570
1 66721U 25276BH  26125.11472222  .00000000  00000+0  44849-3 0    05
2 66721 097.4182 199.2836 0004519 157.9831 308.8239 15.19273696    08
0 FLOCK 4H 21 2571
1 66724U 25276BL  26125.11472222  .00000000  00000+0  39003-3 0    04
2 66724 097.4187 199.5677 0004110 097.8943 299.0349 15.20303778    05
0 FLOCK 4H 29 2575
1 66732U 25276BU  26125.11473380  .00000000  00000+0  41935-3 0    06
2 66732 097.4175 199.2764 0004088 153.0742 340.1381 15.19247272    09
0 FLOCK 4H 33 2579
1 66736U 25276BY  26125.11473380  .00000000  00000+0  46319-3 0    01
2 66736 097.4225 199.6587 0003874 091.6769 324.4044 15.20452551    05
0 FLOCK 4H 35 257A
1 66738U 25276CA  26125.11473380  .00000000  00000+0  43692-3 0    04
2 66738 097.4204 199.5698 0003605 089.7094 234.7170 15.20204688    06
0 PELICAN 1 3001 3001
1 58296U 23174AS  26125.11468750  .00000000  00000+0  72599-3 0    02
2 58296 097.3994 222.7965 0000958 121.4126 249.2147 15.72342474    03
0 PELICAN 2 3009 3009
1 62631U 25009Y   26125.16498843  .00000000  00000+0  35278-3 0    03
2 62631 097.3431 216.0217 0002865 082.6271 203.0016 15.40568987    08
0 PELICAN 3 300A 300A
1 65315U PLANET   26125.11469907  .00000000  00000+0  33995-3 0    07
2 65315 097.1961 201.9166 0002377 115.6030 228.6020 15.40696944    03
0 PELICAN 4 300B 300B
1 65316U PLANET   26125.11467593  .00000000  00000+0  37237-3 0    00
2 65316 097.1961 202.0662 0002642 120.2168 137.2536 15.40685902    05
0 PELICAN 5 300C 300C
1 66667U 25276B   26125.11471065  .00000000  00000+0  30042-3 0    08
2 66667 097.4157 200.2485 0004769 124.1424 061.4730 15.28629745    01
0 PELICAN 6 300D 300D
1 66703U 25276AP  26125.11468750  .00000000  00000+0  30085-3 0    03
2 66703 097.4161 200.4092 0002076 046.9484 138.6599 15.28927596    04
0 PELICAN 7 300E 300E
1     0U PLANET   26125.11468750  .00000000  00000+0  35203-3 0    06
2     0 097.4086 023.7128 0005126 153.9530 229.2355 15.20134626    07
0 EDDA 1 300F 300F
1     0U PLANET   26125.02914352  .00000000  00000+0  15261-3 0    02
2     0 097.4086 023.6282 0005187 151.6604 123.3374 15.20074156    07
0 PELICAN 9 3010 3010
1     0U PLANET   26125.11469907  .00000000  00000+0  35153-3 0    05
2     0 097.4078 023.7093 0005725 157.8401 225.8604 15.20206108    08
0 TANAGER 1 4001 4001
1 60507U PLANET   26125.16798611  .00000000  00000+0  33516-3 0    06
2 60507 097.3288 219.2394 0006761 096.6885 023.4725 15.44444185    02
0 SKYSAT A S1
1 39418U 13066C   26125.11820602  .00000000  00000+0  10188-3 0    00
2 39418 097.3845 175.8875 0023383 102.8140 180.1436 15.12732752    07
0 SKYSAT C4 S104
1 41771U 16058B   26125.11825231  .00000000  00000+0  17780-3 0    07
2 41771 096.9203 148.7302 0003268 084.5147 110.2262 15.47269021    05
0 SKYSAT C5 S105
1 41772U 16058C   26125.11825231  .00000000  00000+0  84025-4 0    05
2 41772 097.0505 167.6913 0004941 091.5676 257.2394 15.33859185    04
0 SKYSAT C6 S106
1 42992U 17068F   26125.11825231  .00000000  00000+0  29419-3 0    07
2 42992 097.4514 262.3263 0001145 322.0859 173.0259 15.33713235    02
0 SKYSAT C7 S107
1 42991U 17068E   26125.11825231  .00000000  00000+0  29642-3 0    04
2 42991 097.4478 262.2130 0004794 256.2178 324.1101 15.36072110    05
0 SKYSAT C8 S108
1 42990U 17068D   26125.11825231  .00000000  00000+0  30392-3 0    07
2 42990 097.4467 261.2262 0001356 110.9837 065.1728 15.36133210    02
0 SKYSAT C9 S109
1 42989U 17068C   26125.11825231  .00000000  00000+0  36373-3 0    00
2 42989 097.4374 262.1209 0007296 293.8641 044.4219 15.40522956    00
0 SKYSAT C10 S110
1 42988U 17068B   26125.11825231  .00000000  00000+0  35379-3 0    04
2 42988 097.4451 261.5871 0001670 102.9506 268.1174 15.33899174    09
0 SKYSAT C11 S111
1 42987U 17068A   26125.11825231  .00000000  00000+0  37445-3 0    09
2 42987 097.4305 272.1642 0001595 125.6827 231.4231 15.55721433    07
0 SKYSAT C12 S112
1 43797U 18099AR  26125.11825231  .00000000  00000+0  19222-3 0    07
2 43797 096.9290 150.1265 0002192 339.9974 053.3951 15.47551590    03
0 SKYSAT C13 S113
1 43802U 18099AW  26125.11825231  .00000000  00000+0  55319-3 0    01
2 43802 096.9248 173.3405 0001177 098.5390 272.1680 15.90475706    00
0 SKYSAT B S2
1 40072U 14037D   26125.11820602  .00000000  00000+0 -18276-3 0    04
2 40072 098.3813 081.6411 0006924 064.9786 100.0675 14.87911906    04
0 SKYSAT C1 S3
1 41601U 16040C   26125.11820602  .00000000  00000+0  11772-3 0    02
2 41601 096.9599 159.1880 0003462 144.0170 029.6516 15.35584008    03
0 SKYSAT C2 S4
1 41773U 16058D   26125.11820602  .00000000  00000+0  13194-3 0    01
2 41773 097.0197 148.8599 0003276 168.7807 332.1073 15.41110583    04